Ref_Date,GEO,DATE,Vector,Coordinate,Value
1906,Canada,"At June 1 (x 1,000)",v62212,1.1,1963.1
1907,Canada,"At June 1 (x 1,000)",v62212,1.1,2105.6
1908,Canada,"At June 1 (x 1,000)",v62212,1.1,2247.9
1909,Canada,"At June 1 (x 1,000)",v62212,1.1,2327.1
1910,Canada,"At June 1 (x 1,000)",v62212,1.1,2477.6
1911,Canada,"At June 1 (x 1,000)",v62212,1.1,2599.0
1912,Canada,"At June 1 (x 1,000)",v62212,1.1,2694.1
1913,Canada,"At June 1 (x 1,000)",v62212,1.1,2826.8
1914,Canada,"At June 1 (x 1,000)",v62212,1.1,2992.2
1915,Canada,"At June 1 (x 1,000)",v62212,1.1,3115.0
1916,Canada,"At June 1 (x 1,000)",v62212,1.1,3167.3
1917,Canada,"At June 1 (x 1,000)",v62212,1.1,3209.8
1918,Canada,"At June 1 (x 1,000)",v62212,1.1,3346.4
1919,Canada,"At June 1 (x 1,000)",v62212,1.1,3445.0
1920,Canada,"At June 1 (x 1,000)",v62212,1.1,3404.5
1921,Canada,"At June 1 (x 1,000)",v62212,1.1,3451.8
1922,Canada,"At June 1 (x 1,000)",v62212,1.1,3401.3
1923,Canada,"At June 1 (x 1,000)",v62212,1.1,3340.8
1924,Canada,"At June 1 (x 1,000)",v62212,1.1,3384.0
1925,Canada,"At June 1 (x 1,000)",v62212,1.1,3348.4
1926,Canada,"At June 1 (x 1,000)",v62212,1.1,3360.7
1927,Canada,"At June 1 (x 1,000)",v62212,1.1,3297.1
1928,Canada,"At June 1 (x 1,000)",v62212,1.1,3264.7
1929,Canada,"At June 1 (x 1,000)",v62212,1.1,3263.7
1930,Canada,"At June 1 (x 1,000)",v62212,1.1,3191.3
1931,Canada,"At June 1 (x 1,000)",v62212,1.1,3113.9
1932,Canada,"At June 1 (x 1,000)",v62212,1.1,3084.5
1933,Canada,"At June 1 (x 1,000)",v62212,1.1,2973.4
1934,Canada,"At June 1 (x 1,000)",v62212,1.1,2918.4
1935,Canada,"At June 1 (x 1,000)",v62212,1.1,2911.1
1936,Canada,"At June 1 (x 1,000)",v62212,1.1,2877.5
1937,Canada,"At June 1 (x 1,000)",v62212,1.1,2844.6
1938,Canada,"At June 1 (x 1,000)",v62212,1.1,2769.9
1939,Canada,"At June 1 (x 1,000)",v62212,1.1,2760.6
1940,Canada,"At June 1 (x 1,000)",v62212,1.1,2780.0
1941,Canada,"At June 1 (x 1,000)",v62212,1.1,2788.8
1942,Canada,"At June 1 (x 1,000)",v62212,1.1,2758.9
1943,Canada,"At June 1 (x 1,000)",v62212,1.1,2666.8
1944,Canada,"At June 1 (x 1,000)",v62212,1.1,2567.7
1945,Canada,"At June 1 (x 1,000)",v62212,1.1,2374.1
1946,Canada,"At June 1 (x 1,000)",v62212,1.1,2135.5
1947,Canada,"At June 1 (x 1,000)",v62212,1.1,1937.2
1948,Canada,"At June 1 (x 1,000)",v62212,1.1,1788.9
1949,Canada,"At June 1 (x 1,000)",v62212,1.1,1641.5
1950,Canada,"At June 1 (x 1,000)",v62212,1.1,1496.5
1951,Canada,"At June 1 (x 1,000)",v62212,1.1,1303.8
1952,Canada,"At June 1 (x 1,000)",v62212,1.1,1178.7
1953,Canada,"At June 1 (x 1,000)",v62212,1.1,1054.6
1954,Canada,"At June 1 (x 1,000)",v62212,1.1,917.4
1955,Canada,"At June 1 (x 1,000)",v62212,1.1,831.7
1956,Canada,"At June 1 (x 1,000)",v62212,1.1,782.1
1957,Canada,"At June 1 (x 1,000)",v62212,1.1,721.8
1958,Canada,"At June 1 (x 1,000)",v62212,1.1,660.6
1959,Canada,"At June 1 (x 1,000)",v62212,1.1,597.7
1960,Canada,"At June 1 (x 1,000)",v62212,1.1,551.5
1961,Canada,"At June 1 (x 1,000)",v62212,1.1,510.6
1962,Canada,"At June 1 (x 1,000)",v62212,1.1,478.2
1963,Canada,"At June 1 (x 1,000)",v62212,1.1,451.0
1964,Canada,"At June 1 (x 1,000)",v62212,1.1,431.2
1965,Canada,"At June 1 (x 1,000)",v62212,1.1,402.9
1966,Canada,"At June 1 (x 1,000)",v62212,1.1,386.2
1967,Canada,"At June 1 (x 1,000)",v62212,1.1,370.3
1968,Canada,"At June 1 (x 1,000)",v62212,1.1,365.9
1969,Canada,"At June 1 (x 1,000)",v62212,1.1,358.8
1970,Canada,"At June 1 (x 1,000)",v62212,1.1,357.5
1971,Canada,"At June 1 (x 1,000)",v62212,1.1,353.6
1972,Canada,"At June 1 (x 1,000)",v62212,1.1,349.9
1973,Canada,"At June 1 (x 1,000)",v62212,1.1,342.2
1941,Canada,"At December 1 (x 1,000)",v62222,1.2,2746.0
1942,Canada,"At December 1 (x 1,000)",v62222,1.2,2710.6
1943,Canada,"At December 1 (x 1,000)",v62222,1.2,2617.4
1944,Canada,"At December 1 (x 1,000)",v62222,1.2,2510.6
1945,Canada,"At December 1 (x 1,000)",v62222,1.2,2341.8
1946,Canada,"At December 1 (x 1,000)",v62222,1.2,2098.8
1947,Canada,"At December 1 (x 1,000)",v62222,1.2,1876.2
1948,Canada,"At December 1 (x 1,000)",v62222,1.2,1711.1
1949,Canada,"At December 1 (x 1,000)",v62222,1.2,1570.4
1950,Canada,"At December 1 (x 1,000)",v62222,1.2,1403.3
1951,Canada,"At December 1 (x 1,000)",v62222,1.2,1234.0
1952,Canada,"At December 1 (x 1,000)",v62222,1.2,1143.2
1953,Canada,"At December 1 (x 1,000)",v62222,1.2,986.6
1954,Canada,"At December 1 (x 1,000)",v62222,1.2,886.7
1955,Canada,"At December 1 (x 1,000)",v62222,1.2,802.8
1956,Canada,"At December 1 (x 1,000)",v62222,1.2,740.1
1957,Canada,"At December 1 (x 1,000)",v62222,1.2,689.7
1958,Canada,"At December 1 (x 1,000)",v62222,1.2,620.6
1959,Canada,"At December 1 (x 1,000)",v62222,1.2,574.4
1960,Canada,"At December 1 (x 1,000)",v62222,1.2,528.5
1961,Canada,"At December 1 (x 1,000)",v62222,1.2,494.1
1962,Canada,"At December 1 (x 1,000)",v62222,1.2,460.4
1963,Canada,"At December 1 (x 1,000)",v62222,1.2,441.2
1964,Canada,"At December 1 (x 1,000)",v62222,1.2,419.9
1965,Canada,"At December 1 (x 1,000)",v62222,1.2,402.9
1966,Canada,"At December 1 (x 1,000)",v62222,1.2,371.9
1967,Canada,"At December 1 (x 1,000)",v62222,1.2,356.5
1968,Canada,"At December 1 (x 1,000)",v62222,1.2,352.6
1969,Canada,"At December 1 (x 1,000)",v62222,1.2,366.9
1970,Canada,"At December 1 (x 1,000)",v62222,1.2,358.9
1971,Canada,"At December 1 (x 1,000)",v62222,1.2,356.5
1972,Canada,"At December 1 (x 1,000)",v62222,1.2,340.0
1906,Prince Edward Island,"At June 1 (x 1,000)",v62213,2.1,34.5
1907,Prince Edward Island,"At June 1 (x 1,000)",v62213,2.1,35.3
1908,Prince Edward Island,"At June 1 (x 1,000)",v62213,2.1,36.2
1909,Prince Edward Island,"At June 1 (x 1,000)",v62213,2.1,35.6
1910,Prince Edward Island,"At June 1 (x 1,000)",v62213,2.1,35.9
1911,Prince Edward Island,"At June 1 (x 1,000)",v62213,2.1,35.9
1912,Prince Edward Island,"At June 1 (x 1,000)",v62213,2.1,35.3
1913,Prince Edward Island,"At June 1 (x 1,000)",v62213,2.1,35.2
1914,Prince Edward Island,"At June 1 (x 1,000)",v62213,2.1,35.0
1915,Prince Edward Island,"At June 1 (x 1,000)",v62213,2.1,35.4
1916,Prince Edward Island,"At June 1 (x 1,000)",v62213,2.1,36.7
1917,Prince Edward Island,"At June 1 (x 1,000)",v62213,2.1,36.7
1918,Prince Edward Island,"At June 1 (x 1,000)",v62213,2.1,35.8
1919,Prince Edward Island,"At June 1 (x 1,000)",v62213,2.1,35.3
1920,Prince Edward Island,"At June 1 (x 1,000)",v62213,2.1,32.5
1921,Prince Edward Island,"At June 1 (x 1,000)",v62213,2.1,32.0
1922,Prince Edward Island,"At June 1 (x 1,000)",v62213,2.1,33.0
1923,Prince Edward Island,"At June 1 (x 1,000)",v62213,2.1,32.0
1924,Prince Edward Island,"At June 1 (x 1,000)",v62213,2.1,32.5
1925,Prince Edward Island,"At June 1 (x 1,000)",v62213,2.1,31.5
1926,Prince Edward Island,"At June 1 (x 1,000)",v62213,2.1,30.6
1927,Prince Edward Island,"At June 1 (x 1,000)",v62213,2.1,30.6
1928,Prince Edward Island,"At June 1 (x 1,000)",v62213,2.1,30.9
1929,Prince Edward Island,"At June 1 (x 1,000)",v62213,2.1,30.1
1930,Prince Edward Island,"At June 1 (x 1,000)",v62213,2.1,31.0
1931,Prince Edward Island,"At June 1 (x 1,000)",v62213,2.1,30.0
1932,Prince Edward Island,"At June 1 (x 1,000)",v62213,2.1,29.3
1933,Prince Edward Island,"At June 1 (x 1,000)",v62213,2.1,28.8
1934,Prince Edward Island,"At June 1 (x 1,000)",v62213,2.1,27.4
1935,Prince Edward Island,"At June 1 (x 1,000)",v62213,2.1,27.9
1936,Prince Edward Island,"At June 1 (x 1,000)",v62213,2.1,27.5
1937,Prince Edward Island,"At June 1 (x 1,000)",v62213,2.1,28.7
1938,Prince Edward Island,"At June 1 (x 1,000)",v62213,2.1,28.8
1939,Prince Edward Island,"At June 1 (x 1,000)",v62213,2.1,28.8
1940,Prince Edward Island,"At June 1 (x 1,000)",v62213,2.1,28.4
1941,Prince Edward Island,"At June 1 (x 1,000)",v62213,2.1,28.0
1942,Prince Edward Island,"At June 1 (x 1,000)",v62213,2.1,28.1
1943,Prince Edward Island,"At June 1 (x 1,000)",v62213,2.1,27.4
1944,Prince Edward Island,"At June 1 (x 1,000)",v62213,2.1,28.1
1945,Prince Edward Island,"At June 1 (x 1,000)",v62213,2.1,26.5
1946,Prince Edward Island,"At June 1 (x 1,000)",v62213,2.1,25.5
1947,Prince Edward Island,"At June 1 (x 1,000)",v62213,2.1,23.9
1948,Prince Edward Island,"At June 1 (x 1,000)",v62213,2.1,23.2
1949,Prince Edward Island,"At June 1 (x 1,000)",v62213,2.1,22.9
1950,Prince Edward Island,"At June 1 (x 1,000)",v62213,2.1,22.4
1951,Prince Edward Island,"At June 1 (x 1,000)",v62213,2.1,21.3
1952,Prince Edward Island,"At June 1 (x 1,000)",v62213,2.1,19.7
1953,Prince Edward Island,"At June 1 (x 1,000)",v62213,2.1,18.9
1954,Prince Edward Island,"At June 1 (x 1,000)",v62213,2.1,17.5
1955,Prince Edward Island,"At June 1 (x 1,000)",v62213,2.1,15.4
1956,Prince Edward Island,"At June 1 (x 1,000)",v62213,2.1,14.6
1957,Prince Edward Island,"At June 1 (x 1,000)",v62213,2.1,13.5
1958,Prince Edward Island,"At June 1 (x 1,000)",v62213,2.1,12.1
1959,Prince Edward Island,"At June 1 (x 1,000)",v62213,2.1,10.2
1960,Prince Edward Island,"At June 1 (x 1,000)",v62213,2.1,8.6
1961,Prince Edward Island,"At June 1 (x 1,000)",v62213,2.1,7.9
1962,Prince Edward Island,"At June 1 (x 1,000)",v62213,2.1,7.0
1963,Prince Edward Island,"At June 1 (x 1,000)",v62213,2.1,6.4
1964,Prince Edward Island,"At June 1 (x 1,000)",v62213,2.1,5.8
1965,Prince Edward Island,"At June 1 (x 1,000)",v62213,2.1,5.4
1966,Prince Edward Island,"At June 1 (x 1,000)",v62213,2.1,5.0
1967,Prince Edward Island,"At June 1 (x 1,000)",v62213,2.1,4.4
1968,Prince Edward Island,"At June 1 (x 1,000)",v62213,2.1,3.9
1969,Prince Edward Island,"At June 1 (x 1,000)",v62213,2.1,3.6
1970,Prince Edward Island,"At June 1 (x 1,000)",v62213,2.1,3.2
1971,Prince Edward Island,"At June 1 (x 1,000)",v62213,2.1,2.9
1972,Prince Edward Island,"At June 1 (x 1,000)",v62213,2.1,2.8
1973,Prince Edward Island,"At June 1 (x 1,000)",v62213,2.1,2.2
1941,Prince Edward Island,"At December 1 (x 1,000)",v62223,2.2,27.9
1942,Prince Edward Island,"At December 1 (x 1,000)",v62223,2.2,28.2
1943,Prince Edward Island,"At December 1 (x 1,000)",v62223,2.2,28.5
1944,Prince Edward Island,"At December 1 (x 1,000)",v62223,2.2,27.9
1945,Prince Edward Island,"At December 1 (x 1,000)",v62223,2.2,27.1
1946,Prince Edward Island,"At December 1 (x 1,000)",v62223,2.2,25.7
1947,Prince Edward Island,"At December 1 (x 1,000)",v62223,2.2,23.8
1948,Prince Edward Island,"At December 1 (x 1,000)",v62223,2.2,22.6
1949,Prince Edward Island,"At December 1 (x 1,000)",v62223,2.2,22.3
1950,Prince Edward Island,"At December 1 (x 1,000)",v62223,2.2,22.1
1951,Prince Edward Island,"At December 1 (x 1,000)",v62223,2.2,20.5
1952,Prince Edward Island,"At December 1 (x 1,000)",v62223,2.2,19.2
1953,Prince Edward Island,"At December 1 (x 1,000)",v62223,2.2,18.5
1954,Prince Edward Island,"At December 1 (x 1,000)",v62223,2.2,17.2
1955,Prince Edward Island,"At December 1 (x 1,000)",v62223,2.2,15.0
1956,Prince Edward Island,"At December 1 (x 1,000)",v62223,2.2,14.3
1957,Prince Edward Island,"At December 1 (x 1,000)",v62223,2.2,12.7
1958,Prince Edward Island,"At December 1 (x 1,000)",v62223,2.2,10.9
1959,Prince Edward Island,"At December 1 (x 1,000)",v62223,2.2,9.8
1960,Prince Edward Island,"At December 1 (x 1,000)",v62223,2.2,8.2
1961,Prince Edward Island,"At December 1 (x 1,000)",v62223,2.2,7.6
1962,Prince Edward Island,"At December 1 (x 1,000)",v62223,2.2,6.7
1963,Prince Edward Island,"At December 1 (x 1,000)",v62223,2.2,6.2
1964,Prince Edward Island,"At December 1 (x 1,000)",v62223,2.2,5.6
1965,Prince Edward Island,"At December 1 (x 1,000)",v62223,2.2,5.4
1966,Prince Edward Island,"At December 1 (x 1,000)",v62223,2.2,4.7
1967,Prince Edward Island,"At December 1 (x 1,000)",v62223,2.2,4.2
1968,Prince Edward Island,"At December 1 (x 1,000)",v62223,2.2,3.9
1969,Prince Edward Island,"At December 1 (x 1,000)",v62223,2.2,3.3
1970,Prince Edward Island,"At December 1 (x 1,000)",v62223,2.2,2.9
1971,Prince Edward Island,"At December 1 (x 1,000)",v62223,2.2,2.7
1972,Prince Edward Island,"At December 1 (x 1,000)",v62223,2.2,2.5
1906,Nova Scotia,"At June 1 (x 1,000)",v62214,3.1,58.3
1907,Nova Scotia,"At June 1 (x 1,000)",v62214,3.1,58.9
1908,Nova Scotia,"At June 1 (x 1,000)",v62214,3.1,62.3
1909,Nova Scotia,"At June 1 (x 1,000)",v62214,3.1,61.9
1910,Nova Scotia,"At June 1 (x 1,000)",v62214,3.1,61.8
1911,Nova Scotia,"At June 1 (x 1,000)",v62214,3.1,61.4
1912,Nova Scotia,"At June 1 (x 1,000)",v62214,3.1,61.1
1913,Nova Scotia,"At June 1 (x 1,000)",v62214,3.1,61.2
1914,Nova Scotia,"At June 1 (x 1,000)",v62214,3.1,60.5
1915,Nova Scotia,"At June 1 (x 1,000)",v62214,3.1,60.4
1916,Nova Scotia,"At June 1 (x 1,000)",v62214,3.1,60.6
1917,Nova Scotia,"At June 1 (x 1,000)",v62214,3.1,59.9
1918,Nova Scotia,"At June 1 (x 1,000)",v62214,3.1,64.5
1919,Nova Scotia,"At June 1 (x 1,000)",v62214,3.1,63.3
1920,Nova Scotia,"At June 1 (x 1,000)",v62214,3.1,60.9
1921,Nova Scotia,"At June 1 (x 1,000)",v62214,3.1,54.4
1922,Nova Scotia,"At June 1 (x 1,000)",v62214,3.1,52.1
1923,Nova Scotia,"At June 1 (x 1,000)",v62214,3.1,43.9
1924,Nova Scotia,"At June 1 (x 1,000)",v62214,3.1,45.7
1925,Nova Scotia,"At June 1 (x 1,000)",v62214,3.1,46.7
1926,Nova Scotia,"At June 1 (x 1,000)",v62214,3.1,48.4
1927,Nova Scotia,"At June 1 (x 1,000)",v62214,3.1,45.4
1928,Nova Scotia,"At June 1 (x 1,000)",v62214,3.1,44.1
1929,Nova Scotia,"At June 1 (x 1,000)",v62214,3.1,44.9
1930,Nova Scotia,"At June 1 (x 1,000)",v62214,3.1,44.2
1931,Nova Scotia,"At June 1 (x 1,000)",v62214,3.1,43.1
1932,Nova Scotia,"At June 1 (x 1,000)",v62214,3.1,41.9
1933,Nova Scotia,"At June 1 (x 1,000)",v62214,3.1,40.0
1934,Nova Scotia,"At June 1 (x 1,000)",v62214,3.1,39.4
1935,Nova Scotia,"At June 1 (x 1,000)",v62214,3.1,37.9
1936,Nova Scotia,"At June 1 (x 1,000)",v62214,3.1,36.5
1937,Nova Scotia,"At June 1 (x 1,000)",v62214,3.1,37.6
1938,Nova Scotia,"At June 1 (x 1,000)",v62214,3.1,36.8
1939,Nova Scotia,"At June 1 (x 1,000)",v62214,3.1,37.0
1940,Nova Scotia,"At June 1 (x 1,000)",v62214,3.1,36.4
1941,Nova Scotia,"At June 1 (x 1,000)",v62214,3.1,36.2
1942,Nova Scotia,"At June 1 (x 1,000)",v62214,3.1,35.6
1943,Nova Scotia,"At June 1 (x 1,000)",v62214,3.1,35.3
1944,Nova Scotia,"At June 1 (x 1,000)",v62214,3.1,35.2
1945,Nova Scotia,"At June 1 (x 1,000)",v62214,3.1,34.4
1946,Nova Scotia,"At June 1 (x 1,000)",v62214,3.1,33.4
1947,Nova Scotia,"At June 1 (x 1,000)",v62214,3.1,31.5
1948,Nova Scotia,"At June 1 (x 1,000)",v62214,3.1,30.6
1949,Nova Scotia,"At June 1 (x 1,000)",v62214,3.1,29.2
1950,Nova Scotia,"At June 1 (x 1,000)",v62214,3.1,28.0
1951,Nova Scotia,"At June 1 (x 1,000)",v62214,3.1,26.0
1952,Nova Scotia,"At June 1 (x 1,000)",v62214,3.1,24.1
1953,Nova Scotia,"At June 1 (x 1,000)",v62214,3.1,22.9
1954,Nova Scotia,"At June 1 (x 1,000)",v62214,3.1,21.0
1955,Nova Scotia,"At June 1 (x 1,000)",v62214,3.1,18.6
1956,Nova Scotia,"At June 1 (x 1,000)",v62214,3.1,17.9
1957,Nova Scotia,"At June 1 (x 1,000)",v62214,3.1,15.8
1958,Nova Scotia,"At June 1 (x 1,000)",v62214,3.1,13.7
1959,Nova Scotia,"At June 1 (x 1,000)",v62214,3.1,12.2
1960,Nova Scotia,"At June 1 (x 1,000)",v62214,3.1,10.1
1961,Nova Scotia,"At June 1 (x 1,000)",v62214,3.1,8.9
1962,Nova Scotia,"At June 1 (x 1,000)",v62214,3.1,8.0
1963,Nova Scotia,"At June 1 (x 1,000)",v62214,3.1,7.3
1964,Nova Scotia,"At June 1 (x 1,000)",v62214,3.1,6.6
1965,Nova Scotia,"At June 1 (x 1,000)",v62214,3.1,6.2
1966,Nova Scotia,"At June 1 (x 1,000)",v62214,3.1,5.7
1967,Nova Scotia,"At June 1 (x 1,000)",v62214,3.1,5.4
1968,Nova Scotia,"At June 1 (x 1,000)",v62214,3.1,4.9
1969,Nova Scotia,"At June 1 (x 1,000)",v62214,3.1,4.5
1970,Nova Scotia,"At June 1 (x 1,000)",v62214,3.1,4.0
1971,Nova Scotia,"At June 1 (x 1,000)",v62214,3.1,3.7
1972,Nova Scotia,"At June 1 (x 1,000)",v62214,3.1,3.6
1973,Nova Scotia,"At June 1 (x 1,000)",v62214,3.1,3.8
1941,Nova Scotia,"At December 1 (x 1,000)",v62224,3.2,36.2
1942,Nova Scotia,"At December 1 (x 1,000)",v62224,3.2,35.7
1943,Nova Scotia,"At December 1 (x 1,000)",v62224,3.2,35.9
1944,Nova Scotia,"At December 1 (x 1,000)",v62224,3.2,34.4
1945,Nova Scotia,"At December 1 (x 1,000)",v62224,3.2,34.0
1946,Nova Scotia,"At December 1 (x 1,000)",v62224,3.2,33.4
1947,Nova Scotia,"At December 1 (x 1,000)",v62224,3.2,30.8
1948,Nova Scotia,"At December 1 (x 1,000)",v62224,3.2,29.7
1949,Nova Scotia,"At December 1 (x 1,000)",v62224,3.2,28.5
1950,Nova Scotia,"At December 1 (x 1,000)",v62224,3.2,27.3
1951,Nova Scotia,"At December 1 (x 1,000)",v62224,3.2,25.1
1952,Nova Scotia,"At December 1 (x 1,000)",v62224,3.2,23.2
1953,Nova Scotia,"At December 1 (x 1,000)",v62224,3.2,21.6
1954,Nova Scotia,"At December 1 (x 1,000)",v62224,3.2,19.8
1955,Nova Scotia,"At December 1 (x 1,000)",v62224,3.2,18.5
1956,Nova Scotia,"At December 1 (x 1,000)",v62224,3.2,17.0
1957,Nova Scotia,"At December 1 (x 1,000)",v62224,3.2,14.9
1958,Nova Scotia,"At December 1 (x 1,000)",v62224,3.2,13.0
1959,Nova Scotia,"At December 1 (x 1,000)",v62224,3.2,11.2
1960,Nova Scotia,"At December 1 (x 1,000)",v62224,3.2,9.6
1961,Nova Scotia,"At December 1 (x 1,000)",v62224,3.2,8.6
1962,Nova Scotia,"At December 1 (x 1,000)",v62224,3.2,7.7
1963,Nova Scotia,"At December 1 (x 1,000)",v62224,3.2,7.0
1964,Nova Scotia,"At December 1 (x 1,000)",v62224,3.2,6.6
1965,Nova Scotia,"At December 1 (x 1,000)",v62224,3.2,6.2
1966,Nova Scotia,"At December 1 (x 1,000)",v62224,3.2,5.5
1967,Nova Scotia,"At December 1 (x 1,000)",v62224,3.2,5.0
1968,Nova Scotia,"At December 1 (x 1,000)",v62224,3.2,4.7
1969,Nova Scotia,"At December 1 (x 1,000)",v62224,3.2,4.2
1970,Nova Scotia,"At December 1 (x 1,000)",v62224,3.2,3.8
1971,Nova Scotia,"At December 1 (x 1,000)",v62224,3.2,3.4
1972,Nova Scotia,"At December 1 (x 1,000)",v62224,3.2,3.5
1906,New Brunswick,"At June 1 (x 1,000)",v62215,4.1,63.0
1907,New Brunswick,"At June 1 (x 1,000)",v62215,4.1,65.0
1908,New Brunswick,"At June 1 (x 1,000)",v62215,4.1,66.2
1909,New Brunswick,"At June 1 (x 1,000)",v62215,4.1,65.4
1910,New Brunswick,"At June 1 (x 1,000)",v62215,4.1,65.7
1911,New Brunswick,"At June 1 (x 1,000)",v62215,4.1,65.4
1912,New Brunswick,"At June 1 (x 1,000)",v62215,4.1,64.8
1913,New Brunswick,"At June 1 (x 1,000)",v62215,4.1,63.6
1914,New Brunswick,"At June 1 (x 1,000)",v62215,4.1,63.4
1915,New Brunswick,"At June 1 (x 1,000)",v62215,4.1,62.9
1916,New Brunswick,"At June 1 (x 1,000)",v62215,4.1,61.5
1917,New Brunswick,"At June 1 (x 1,000)",v62215,4.1,60.8
1918,New Brunswick,"At June 1 (x 1,000)",v62215,4.1,61.5
1919,New Brunswick,"At June 1 (x 1,000)",v62215,4.1,71.0
1920,New Brunswick,"At June 1 (x 1,000)",v62215,4.1,69.2
1921,New Brunswick,"At June 1 (x 1,000)",v62215,4.1,62.4
1922,New Brunswick,"At June 1 (x 1,000)",v62215,4.1,59.0
1923,New Brunswick,"At June 1 (x 1,000)",v62215,4.1,57.0
1924,New Brunswick,"At June 1 (x 1,000)",v62215,4.1,55.9
1925,New Brunswick,"At June 1 (x 1,000)",v62215,4.1,56.3
1926,New Brunswick,"At June 1 (x 1,000)",v62215,4.1,58.4
1927,New Brunswick,"At June 1 (x 1,000)",v62215,4.1,56.0
1928,New Brunswick,"At June 1 (x 1,000)",v62215,4.1,56.0
1929,New Brunswick,"At June 1 (x 1,000)",v62215,4.1,53.9
1930,New Brunswick,"At June 1 (x 1,000)",v62215,4.1,52.9
1931,New Brunswick,"At June 1 (x 1,000)",v62215,4.1,51.2
1932,New Brunswick,"At June 1 (x 1,000)",v62215,4.1,52.8
1933,New Brunswick,"At June 1 (x 1,000)",v62215,4.1,50.7
1934,New Brunswick,"At June 1 (x 1,000)",v62215,4.1,48.0
1935,New Brunswick,"At June 1 (x 1,000)",v62215,4.1,47.0
1936,New Brunswick,"At June 1 (x 1,000)",v62215,4.1,44.5
1937,New Brunswick,"At June 1 (x 1,000)",v62215,4.1,46.0
1938,New Brunswick,"At June 1 (x 1,000)",v62215,4.1,44.8
1939,New Brunswick,"At June 1 (x 1,000)",v62215,4.1,44.8
1940,New Brunswick,"At June 1 (x 1,000)",v62215,4.1,45.2
1941,New Brunswick,"At June 1 (x 1,000)",v62215,4.1,45.2
1942,New Brunswick,"At June 1 (x 1,000)",v62215,4.1,45.8
1943,New Brunswick,"At June 1 (x 1,000)",v62215,4.1,46.2
1944,New Brunswick,"At June 1 (x 1,000)",v62215,4.1,44.7
1945,New Brunswick,"At June 1 (x 1,000)",v62215,4.1,43.6
1946,New Brunswick,"At June 1 (x 1,000)",v62215,4.1,41.4
1947,New Brunswick,"At June 1 (x 1,000)",v62215,4.1,39.3
1948,New Brunswick,"At June 1 (x 1,000)",v62215,4.1,37.8
1949,New Brunswick,"At June 1 (x 1,000)",v62215,4.1,36.4
1950,New Brunswick,"At June 1 (x 1,000)",v62215,4.1,33.7
1951,New Brunswick,"At June 1 (x 1,000)",v62215,4.1,31.0
1952,New Brunswick,"At June 1 (x 1,000)",v62215,4.1,28.9
1953,New Brunswick,"At June 1 (x 1,000)",v62215,4.1,26.8
1954,New Brunswick,"At June 1 (x 1,000)",v62215,4.1,23.9
1955,New Brunswick,"At June 1 (x 1,000)",v62215,4.1,20.7
1956,New Brunswick,"At June 1 (x 1,000)",v62215,4.1,19.3
1957,New Brunswick,"At June 1 (x 1,000)",v62215,4.1,17.1
1958,New Brunswick,"At June 1 (x 1,000)",v62215,4.1,14.8
1959,New Brunswick,"At June 1 (x 1,000)",v62215,4.1,12.3
1960,New Brunswick,"At June 1 (x 1,000)",v62215,4.1,10.3
1961,New Brunswick,"At June 1 (x 1,000)",v62215,4.1,9.3
1962,New Brunswick,"At June 1 (x 1,000)",v62215,4.1,8.2
1963,New Brunswick,"At June 1 (x 1,000)",v62215,4.1,7.3
1964,New Brunswick,"At June 1 (x 1,000)",v62215,4.1,6.8
1965,New Brunswick,"At June 1 (x 1,000)",v62215,4.1,6.3
1966,New Brunswick,"At June 1 (x 1,000)",v62215,4.1,6.1
1967,New Brunswick,"At June 1 (x 1,000)",v62215,4.1,5.5
1968,New Brunswick,"At June 1 (x 1,000)",v62215,4.1,5.1
1969,New Brunswick,"At June 1 (x 1,000)",v62215,4.1,4.7
1970,New Brunswick,"At June 1 (x 1,000)",v62215,4.1,4.3
1971,New Brunswick,"At June 1 (x 1,000)",v62215,4.1,4.1
1972,New Brunswick,"At June 1 (x 1,000)",v62215,4.1,3.5
1973,New Brunswick,"At June 1 (x 1,000)",v62215,4.1,3.2
1941,New Brunswick,"At December 1 (x 1,000)",v62225,4.2,45.4
1942,New Brunswick,"At December 1 (x 1,000)",v62225,4.2,48.0
1943,New Brunswick,"At December 1 (x 1,000)",v62225,4.2,44.9
1944,New Brunswick,"At December 1 (x 1,000)",v62225,4.2,45.1
1945,New Brunswick,"At December 1 (x 1,000)",v62225,4.2,42.5
1946,New Brunswick,"At December 1 (x 1,000)",v62225,4.2,40.6
1947,New Brunswick,"At December 1 (x 1,000)",v62225,4.2,38.7
1948,New Brunswick,"At December 1 (x 1,000)",v62225,4.2,36.9
1949,New Brunswick,"At December 1 (x 1,000)",v62225,4.2,34.9
1950,New Brunswick,"At December 1 (x 1,000)",v62225,4.2,31.7
1951,New Brunswick,"At December 1 (x 1,000)",v62225,4.2,29.6
1952,New Brunswick,"At December 1 (x 1,000)",v62225,4.2,27.8
1953,New Brunswick,"At December 1 (x 1,000)",v62225,4.2,25.5
1954,New Brunswick,"At December 1 (x 1,000)",v62225,4.2,22.7
1955,New Brunswick,"At December 1 (x 1,000)",v62225,4.2,20.3
1956,New Brunswick,"At December 1 (x 1,000)",v62225,4.2,18.3
1957,New Brunswick,"At December 1 (x 1,000)",v62225,4.2,16.1
1958,New Brunswick,"At December 1 (x 1,000)",v62225,4.2,13.7
1959,New Brunswick,"At December 1 (x 1,000)",v62225,4.2,11.4
1960,New Brunswick,"At December 1 (x 1,000)",v62225,4.2,9.7
1961,New Brunswick,"At December 1 (x 1,000)",v62225,4.2,8.9
1962,New Brunswick,"At December 1 (x 1,000)",v62225,4.2,8.0
1963,New Brunswick,"At December 1 (x 1,000)",v62225,4.2,7.0
1964,New Brunswick,"At December 1 (x 1,000)",v62225,4.2,6.7
1965,New Brunswick,"At December 1 (x 1,000)",v62225,4.2,6.3
1966,New Brunswick,"At December 1 (x 1,000)",v62225,4.2,5.7
1967,New Brunswick,"At December 1 (x 1,000)",v62225,4.2,5.3
1968,New Brunswick,"At December 1 (x 1,000)",v62225,4.2,5.0
1969,New Brunswick,"At December 1 (x 1,000)",v62225,4.2,4.4
1970,New Brunswick,"At December 1 (x 1,000)",v62225,4.2,4.2
1971,New Brunswick,"At December 1 (x 1,000)",v62225,4.2,3.8
1972,New Brunswick,"At December 1 (x 1,000)",v62225,4.2,3.0
1906,Quebec,"At June 1 (x 1,000)",v62216,5.1,341.2
1907,Quebec,"At June 1 (x 1,000)",v62216,5.1,352.6
1908,Quebec,"At June 1 (x 1,000)",v62216,5.1,363.9
1909,Quebec,"At June 1 (x 1,000)",v62216,5.1,365.0
1910,Quebec,"At June 1 (x 1,000)",v62216,5.1,370.7
1911,Quebec,"At June 1 (x 1,000)",v62216,5.1,371.6
1912,Quebec,"At June 1 (x 1,000)",v62216,5.1,364.7
1913,Quebec,"At June 1 (x 1,000)",v62216,5.1,362.3
1914,Quebec,"At June 1 (x 1,000)",v62216,5.1,359.5
1915,Quebec,"At June 1 (x 1,000)",v62216,5.1,355.2
1916,Quebec,"At June 1 (x 1,000)",v62216,5.1,352.8
1917,Quebec,"At June 1 (x 1,000)",v62216,5.1,351.6
1918,Quebec,"At June 1 (x 1,000)",v62216,5.1,361.8
1919,Quebec,"At June 1 (x 1,000)",v62216,5.1,378.8
1920,Quebec,"At June 1 (x 1,000)",v62216,5.1,362.4
1921,Quebec,"At June 1 (x 1,000)",v62216,5.1,332.6
1922,Quebec,"At June 1 (x 1,000)",v62216,5.1,322.2
1923,Quebec,"At June 1 (x 1,000)",v62216,5.1,318.5
1924,Quebec,"At June 1 (x 1,000)",v62216,5.1,321.3
1925,Quebec,"At June 1 (x 1,000)",v62216,5.1,321.4
1926,Quebec,"At June 1 (x 1,000)",v62216,5.1,321.7
1927,Quebec,"At June 1 (x 1,000)",v62216,5.1,323.9
1928,Quebec,"At June 1 (x 1,000)",v62216,5.1,324.3
1929,Quebec,"At June 1 (x 1,000)",v62216,5.1,321.2
1930,Quebec,"At June 1 (x 1,000)",v62216,5.1,312.1
1931,Quebec,"At June 1 (x 1,000)",v62216,5.1,301.4
1932,Quebec,"At June 1 (x 1,000)",v62216,5.1,300.0
1933,Quebec,"At June 1 (x 1,000)",v62216,5.1,272.4
1934,Quebec,"At June 1 (x 1,000)",v62216,5.1,271.5
1935,Quebec,"At June 1 (x 1,000)",v62216,5.1,275.8
1936,Quebec,"At June 1 (x 1,000)",v62216,5.1,282.4
1937,Quebec,"At June 1 (x 1,000)",v62216,5.1,294.2
1938,Quebec,"At June 1 (x 1,000)",v62216,5.1,306.9
1939,Quebec,"At June 1 (x 1,000)",v62216,5.1,317.4
1940,Quebec,"At June 1 (x 1,000)",v62216,5.1,328.1
1941,Quebec,"At June 1 (x 1,000)",v62216,5.1,332.7
1942,Quebec,"At June 1 (x 1,000)",v62216,5.1,326.0
1943,Quebec,"At June 1 (x 1,000)",v62216,5.1,319.0
1944,Quebec,"At June 1 (x 1,000)",v62216,5.1,325.0
1945,Quebec,"At June 1 (x 1,000)",v62216,5.1,298.0
1946,Quebec,"At June 1 (x 1,000)",v62216,5.1,282.0
1947,Quebec,"At June 1 (x 1,000)",v62216,5.1,281.0
1948,Quebec,"At June 1 (x 1,000)",v62216,5.1,287.0
1949,Quebec,"At June 1 (x 1,000)",v62216,5.1,265.0
1950,Quebec,"At June 1 (x 1,000)",v62216,5.1,247.0
1951,Quebec,"At June 1 (x 1,000)",v62216,5.1,232.9
1952,Quebec,"At June 1 (x 1,000)",v62216,5.1,220.0
1953,Quebec,"At June 1 (x 1,000)",v62216,5.1,215.0
1954,Quebec,"At June 1 (x 1,000)",v62216,5.1,188.0
1955,Quebec,"At June 1 (x 1,000)",v62216,5.1,174.0
1956,Quebec,"At June 1 (x 1,000)",v62216,5.1,163.5
1957,Quebec,"At June 1 (x 1,000)",v62216,5.1,148.0
1958,Quebec,"At June 1 (x 1,000)",v62216,5.1,135.0
1959,Quebec,"At June 1 (x 1,000)",v62216,5.1,121.0
1960,Quebec,"At June 1 (x 1,000)",v62216,5.1,108.0
1961,Quebec,"At June 1 (x 1,000)",v62216,5.1,97.4
1962,Quebec,"At June 1 (x 1,000)",v62216,5.1,92.0
1963,Quebec,"At June 1 (x 1,000)",v62216,5.1,83.0
1964,Quebec,"At June 1 (x 1,000)",v62216,5.1,76.0
1965,Quebec,"At June 1 (x 1,000)",v62216,5.1,68.0
1966,Quebec,"At June 1 (x 1,000)",v62216,5.1,62.1
1967,Quebec,"At June 1 (x 1,000)",v62216,5.1,58.0
1968,Quebec,"At June 1 (x 1,000)",v62216,5.1,55.0
1969,Quebec,"At June 1 (x 1,000)",v62216,5.1,52.0
1970,Quebec,"At June 1 (x 1,000)",v62216,5.1,46.0
1971,Quebec,"At June 1 (x 1,000)",v62216,5.1,43.5
1972,Quebec,"At June 1 (x 1,000)",v62216,5.1,41.0
1973,Quebec,"At June 1 (x 1,000)",v62216,5.1,39.0
1941,Quebec,"At December 1 (x 1,000)",v62226,5.2,323.0
1942,Quebec,"At December 1 (x 1,000)",v62226,5.2,305.0
1943,Quebec,"At December 1 (x 1,000)",v62226,5.2,309.0
1944,Quebec,"At December 1 (x 1,000)",v62226,5.2,318.0
1945,Quebec,"At December 1 (x 1,000)",v62226,5.2,304.0
1946,Quebec,"At December 1 (x 1,000)",v62226,5.2,300.0
1947,Quebec,"At December 1 (x 1,000)",v62226,5.2,289.0
1948,Quebec,"At December 1 (x 1,000)",v62226,5.2,276.0
1949,Quebec,"At December 1 (x 1,000)",v62226,5.2,252.0
1950,Quebec,"At December 1 (x 1,000)",v62226,5.2,237.0
1951,Quebec,"At December 1 (x 1,000)",v62226,5.2,224.9
1952,Quebec,"At December 1 (x 1,000)",v62226,5.2,217.0
1953,Quebec,"At December 1 (x 1,000)",v62226,5.2,200.0
1954,Quebec,"At December 1 (x 1,000)",v62226,5.2,181.0
1955,Quebec,"At December 1 (x 1,000)",v62226,5.2,168.0
1956,Quebec,"At December 1 (x 1,000)",v62226,5.2,153.0
1957,Quebec,"At December 1 (x 1,000)",v62226,5.2,139.0
1958,Quebec,"At December 1 (x 1,000)",v62226,5.2,125.0
1959,Quebec,"At December 1 (x 1,000)",v62226,5.2,113.0
1960,Quebec,"At December 1 (x 1,000)",v62226,5.2,101.0
1961,Quebec,"At December 1 (x 1,000)",v62226,5.2,94.0
1962,Quebec,"At December 1 (x 1,000)",v62226,5.2,88.0
1963,Quebec,"At December 1 (x 1,000)",v62226,5.2,79.0
1964,Quebec,"At December 1 (x 1,000)",v62226,5.2,72.0
1965,Quebec,"At December 1 (x 1,000)",v62226,5.2,68.0
1966,Quebec,"At December 1 (x 1,000)",v62226,5.2,61.0
1967,Quebec,"At December 1 (x 1,000)",v62226,5.2,57.0
1968,Quebec,"At December 1 (x 1,000)",v62226,5.2,53.0
1969,Quebec,"At December 1 (x 1,000)",v62226,5.2,52.0
1970,Quebec,"At December 1 (x 1,000)",v62226,5.2,44.0
1971,Quebec,"At December 1 (x 1,000)",v62226,5.2,41.3
1972,Quebec,"At December 1 (x 1,000)",v62226,5.2,41.0
1906,Ontario,"At June 1 (x 1,000)",v62217,6.1,739.7
1907,Ontario,"At June 1 (x 1,000)",v62217,6.1,764.5
1908,Ontario,"At June 1 (x 1,000)",v62217,6.1,788.9
1909,Ontario,"At June 1 (x 1,000)",v62217,6.1,794.2
1910,Ontario,"At June 1 (x 1,000)",v62217,6.1,794.2
1911,Ontario,"At June 1 (x 1,000)",v62217,6.1,812.2
1912,Ontario,"At June 1 (x 1,000)",v62217,6.1,807.5
1913,Ontario,"At June 1 (x 1,000)",v62217,6.1,807.9
1914,Ontario,"At June 1 (x 1,000)",v62217,6.1,822.3
1915,Ontario,"At June 1 (x 1,000)",v62217,6.1,816.1
1916,Ontario,"At June 1 (x 1,000)",v62217,6.1,802.1
1917,Ontario,"At June 1 (x 1,000)",v62217,6.1,781.5
1918,Ontario,"At June 1 (x 1,000)",v62217,6.1,737.6
1919,Ontario,"At June 1 (x 1,000)",v62217,6.1,714.4
1920,Ontario,"At June 1 (x 1,000)",v62217,6.1,689.5
1921,Ontario,"At June 1 (x 1,000)",v62217,6.1,669.1
1922,Ontario,"At June 1 (x 1,000)",v62217,6.1,661.2
1923,Ontario,"At June 1 (x 1,000)",v62217,6.1,649.1
1924,Ontario,"At June 1 (x 1,000)",v62217,6.1,640.6
1925,Ontario,"At June 1 (x 1,000)",v62217,6.1,621.6
1926,Ontario,"At June 1 (x 1,000)",v62217,6.1,607.8
1927,Ontario,"At June 1 (x 1,000)",v62217,6.1,596.2
1928,Ontario,"At June 1 (x 1,000)",v62217,6.1,588.8
1929,Ontario,"At June 1 (x 1,000)",v62217,6.1,586.4
1930,Ontario,"At June 1 (x 1,000)",v62217,6.1,586.8
1931,Ontario,"At June 1 (x 1,000)",v62217,6.1,577.3
1932,Ontario,"At June 1 (x 1,000)",v62217,6.1,575.8
1933,Ontario,"At June 1 (x 1,000)",v62217,6.1,569.7
1934,Ontario,"At June 1 (x 1,000)",v62217,6.1,556.9
1935,Ontario,"At June 1 (x 1,000)",v62217,6.1,553.7
1936,Ontario,"At June 1 (x 1,000)",v62217,6.1,551.0
1937,Ontario,"At June 1 (x 1,000)",v62217,6.1,543.9
1938,Ontario,"At June 1 (x 1,000)",v62217,6.1,544.0
1939,Ontario,"At June 1 (x 1,000)",v62217,6.1,540.2
1940,Ontario,"At June 1 (x 1,000)",v62217,6.1,538.5
1941,Ontario,"At June 1 (x 1,000)",v62217,6.1,532.0
1942,Ontario,"At June 1 (x 1,000)",v62217,6.1,522.0
1943,Ontario,"At June 1 (x 1,000)",v62217,6.1,512.0
1944,Ontario,"At June 1 (x 1,000)",v62217,6.1,491.0
1945,Ontario,"At June 1 (x 1,000)",v62217,6.1,470.0
1946,Ontario,"At June 1 (x 1,000)",v62217,6.1,445.0
1947,Ontario,"At June 1 (x 1,000)",v62217,6.1,420.0
1948,Ontario,"At June 1 (x 1,000)",v62217,6.1,384.0
1949,Ontario,"At June 1 (x 1,000)",v62217,6.1,356.0
1950,Ontario,"At June 1 (x 1,000)",v62217,6.1,327.0
1951,Ontario,"At June 1 (x 1,000)",v62217,6.1,260.6
1952,Ontario,"At June 1 (x 1,000)",v62217,6.1,219.0
1953,Ontario,"At June 1 (x 1,000)",v62217,6.1,200.0
1954,Ontario,"At June 1 (x 1,000)",v62217,6.1,172.0
1955,Ontario,"At June 1 (x 1,000)",v62217,6.1,151.0
1956,Ontario,"At June 1 (x 1,000)",v62217,6.1,139.6
1957,Ontario,"At June 1 (x 1,000)",v62217,6.1,130.0
1958,Ontario,"At June 1 (x 1,000)",v62217,6.1,115.0
1959,Ontario,"At June 1 (x 1,000)",v62217,6.1,102.0
1960,Ontario,"At June 1 (x 1,000)",v62217,6.1,95.0
1961,Ontario,"At June 1 (x 1,000)",v62217,6.1,88.9
1962,Ontario,"At June 1 (x 1,000)",v62217,6.1,85.0
1963,Ontario,"At June 1 (x 1,000)",v62217,6.1,84.0
1964,Ontario,"At June 1 (x 1,000)",v62217,6.1,83.0
1965,Ontario,"At June 1 (x 1,000)",v62217,6.1,79.0
1966,Ontario,"At June 1 (x 1,000)",v62217,6.1,75.4
1967,Ontario,"At June 1 (x 1,000)",v62217,6.1,76.0
1968,Ontario,"At June 1 (x 1,000)",v62217,6.1,78.0
1969,Ontario,"At June 1 (x 1,000)",v62217,6.1,77.0
1970,Ontario,"At June 1 (x 1,000)",v62217,6.1,76.0
1971,Ontario,"At June 1 (x 1,000)",v62217,6.1,79.9
1972,Ontario,"At June 1 (x 1,000)",v62217,6.1,78.0
1973,Ontario,"At June 1 (x 1,000)",v62217,6.1,78.0
1941,Ontario,"At December 1 (x 1,000)",v62227,6.2,527.0
1942,Ontario,"At December 1 (x 1,000)",v62227,6.2,521.0
1943,Ontario,"At December 1 (x 1,000)",v62227,6.2,500.0
1944,Ontario,"At December 1 (x 1,000)",v62227,6.2,480.0
1945,Ontario,"At December 1 (x 1,000)",v62227,6.2,478.0
1946,Ontario,"At December 1 (x 1,000)",v62227,6.2,445.0
1947,Ontario,"At December 1 (x 1,000)",v62227,6.2,413.0
1948,Ontario,"At December 1 (x 1,000)",v62227,6.2,376.0
1949,Ontario,"At December 1 (x 1,000)",v62227,6.2,342.0
1950,Ontario,"At December 1 (x 1,000)",v62227,6.2,303.0
1951,Ontario,"At December 1 (x 1,000)",v62227,6.2,242.9
1952,Ontario,"At December 1 (x 1,000)",v62227,6.2,214.0
1953,Ontario,"At December 1 (x 1,000)",v62227,6.2,192.0
1954,Ontario,"At December 1 (x 1,000)",v62227,6.2,165.0
1955,Ontario,"At December 1 (x 1,000)",v62227,6.2,143.0
1956,Ontario,"At December 1 (x 1,000)",v62227,6.2,127.0
1957,Ontario,"At December 1 (x 1,000)",v62227,6.2,125.0
1958,Ontario,"At December 1 (x 1,000)",v62227,6.2,105.0
1959,Ontario,"At December 1 (x 1,000)",v62227,6.2,99.0
1960,Ontario,"At December 1 (x 1,000)",v62227,6.2,92.0
1961,Ontario,"At December 1 (x 1,000)",v62227,6.2,87.0
1962,Ontario,"At December 1 (x 1,000)",v62227,6.2,83.0
1963,Ontario,"At December 1 (x 1,000)",v62227,6.2,84.0
1964,Ontario,"At December 1 (x 1,000)",v62227,6.2,81.0
1965,Ontario,"At December 1 (x 1,000)",v62227,6.2,79.0
1966,Ontario,"At December 1 (x 1,000)",v62227,6.2,76.0
1967,Ontario,"At December 1 (x 1,000)",v62227,6.2,75.0
1968,Ontario,"At December 1 (x 1,000)",v62227,6.2,76.0
1969,Ontario,"At December 1 (x 1,000)",v62227,6.2,76.0
1970,Ontario,"At December 1 (x 1,000)",v62227,6.2,78.0
1971,Ontario,"At December 1 (x 1,000)",v62227,6.2,81.2
1972,Ontario,"At December 1 (x 1,000)",v62227,6.2,76.0
1906,Manitoba,"At June 1 (x 1,000)",v62218,7.1,215.8
1907,Manitoba,"At June 1 (x 1,000)",v62218,7.1,228.7
1908,Manitoba,"At June 1 (x 1,000)",v62218,7.1,242.4
1909,Manitoba,"At June 1 (x 1,000)",v62218,7.1,254.3
1910,Manitoba,"At June 1 (x 1,000)",v62218,7.1,268.0
1911,Manitoba,"At June 1 (x 1,000)",v62218,7.1,280.4
1912,Manitoba,"At June 1 (x 1,000)",v62218,7.1,295.0
1913,Manitoba,"At June 1 (x 1,000)",v62218,7.1,306.8
1914,Manitoba,"At June 1 (x 1,000)",v62218,7.1,320.8
1915,Manitoba,"At June 1 (x 1,000)",v62218,7.1,323.1
1916,Manitoba,"At June 1 (x 1,000)",v62218,7.1,324.7
1917,Manitoba,"At June 1 (x 1,000)",v62218,7.1,337.5
1918,Manitoba,"At June 1 (x 1,000)",v62218,7.1,357.7
1919,Manitoba,"At June 1 (x 1,000)",v62218,7.1,341.2
1920,Manitoba,"At June 1 (x 1,000)",v62218,7.1,311.1
1921,Manitoba,"At June 1 (x 1,000)",v62218,7.1,355.8
1922,Manitoba,"At June 1 (x 1,000)",v62218,7.1,370.8
1923,Manitoba,"At June 1 (x 1,000)",v62218,7.1,354.7
1924,Manitoba,"At June 1 (x 1,000)",v62218,7.1,358.0
1925,Manitoba,"At June 1 (x 1,000)",v62218,7.1,344.6
1926,Manitoba,"At June 1 (x 1,000)",v62218,7.1,341.0
1927,Manitoba,"At June 1 (x 1,000)",v62218,7.1,328.3
1928,Manitoba,"At June 1 (x 1,000)",v62218,7.1,332.8
1929,Manitoba,"At June 1 (x 1,000)",v62218,7.1,342.2
1930,Manitoba,"At June 1 (x 1,000)",v62218,7.1,341.1
1931,Manitoba,"At June 1 (x 1,000)",v62218,7.1,324.6
1932,Manitoba,"At June 1 (x 1,000)",v62218,7.1,340.2
1933,Manitoba,"At June 1 (x 1,000)",v62218,7.1,304.5
1934,Manitoba,"At June 1 (x 1,000)",v62218,7.1,292.5
1935,Manitoba,"At June 1 (x 1,000)",v62218,7.1,292.1
1936,Manitoba,"At June 1 (x 1,000)",v62218,7.1,304.4
1937,Manitoba,"At June 1 (x 1,000)",v62218,7.1,315.4
1938,Manitoba,"At June 1 (x 1,000)",v62218,7.1,313.0
1939,Manitoba,"At June 1 (x 1,000)",v62218,7.1,301.0
1940,Manitoba,"At June 1 (x 1,000)",v62218,7.1,306.2
1941,Manitoba,"At June 1 (x 1,000)",v62218,7.1,301.8
1942,Manitoba,"At June 1 (x 1,000)",v62218,7.1,299.0
1943,Manitoba,"At June 1 (x 1,000)",v62218,7.1,287.0
1944,Manitoba,"At June 1 (x 1,000)",v62218,7.1,272.0
1945,Manitoba,"At June 1 (x 1,000)",v62218,7.1,242.0
1946,Manitoba,"At June 1 (x 1,000)",v62218,7.1,215.1
1947,Manitoba,"At June 1 (x 1,000)",v62218,7.1,193.0
1948,Manitoba,"At June 1 (x 1,000)",v62218,7.1,173.0
1949,Manitoba,"At June 1 (x 1,000)",v62218,7.1,156.0
1950,Manitoba,"At June 1 (x 1,000)",v62218,7.1,145.0
1951,Manitoba,"At June 1 (x 1,000)",v62218,7.1,130.9
1952,Manitoba,"At June 1 (x 1,000)",v62218,7.1,113.0
1953,Manitoba,"At June 1 (x 1,000)",v62218,7.1,94.0
1954,Manitoba,"At June 1 (x 1,000)",v62218,7.1,87.0
1955,Manitoba,"At June 1 (x 1,000)",v62218,7.1,80.0
1956,Manitoba,"At June 1 (x 1,000)",v62218,7.1,75.1
1957,Manitoba,"At June 1 (x 1,000)",v62218,7.1,71.0
1958,Manitoba,"At June 1 (x 1,000)",v62218,7.1,65.0
1959,Manitoba,"At June 1 (x 1,000)",v62218,7.1,60.0
1960,Manitoba,"At June 1 (x 1,000)",v62218,7.1,56.0
1961,Manitoba,"At June 1 (x 1,000)",v62218,7.1,50.8
1962,Manitoba,"At June 1 (x 1,000)",v62218,7.1,47.0
1963,Manitoba,"At June 1 (x 1,000)",v62218,7.1,45.0
1964,Manitoba,"At June 1 (x 1,000)",v62218,7.1,42.0
1965,Manitoba,"At June 1 (x 1,000)",v62218,7.1,40.0
1966,Manitoba,"At June 1 (x 1,000)",v62218,7.1,37.0
1967,Manitoba,"At June 1 (x 1,000)",v62218,7.1,36.0
1968,Manitoba,"At June 1 (x 1,000)",v62218,7.1,38.0
1969,Manitoba,"At June 1 (x 1,000)",v62218,7.1,38.0
1970,Manitoba,"At June 1 (x 1,000)",v62218,7.1,35.0
1971,Manitoba,"At June 1 (x 1,000)",v62218,7.1,33.1
1972,Manitoba,"At June 1 (x 1,000)",v62218,7.1,31.0
1973,Manitoba,"At June 1 (x 1,000)",v62218,7.1,31.0
1941,Manitoba,"At December 1 (x 1,000)",v62228,7.2,304.0
1942,Manitoba,"At December 1 (x 1,000)",v62228,7.2,301.0
1943,Manitoba,"At December 1 (x 1,000)",v62228,7.2,285.0
1944,Manitoba,"At December 1 (x 1,000)",v62228,7.2,264.0
1945,Manitoba,"At December 1 (x 1,000)",v62228,7.2,231.0
1946,Manitoba,"At December 1 (x 1,000)",v62228,7.2,210.0
1947,Manitoba,"At December 1 (x 1,000)",v62228,7.2,178.0
1948,Manitoba,"At December 1 (x 1,000)",v62228,7.2,165.0
1949,Manitoba,"At December 1 (x 1,000)",v62228,7.2,152.0
1950,Manitoba,"At December 1 (x 1,000)",v62228,7.2,138.0
1951,Manitoba,"At December 1 (x 1,000)",v62228,7.2,118.0
1952,Manitoba,"At December 1 (x 1,000)",v62228,7.2,99.0
1953,Manitoba,"At December 1 (x 1,000)",v62228,7.2,92.0
1954,Manitoba,"At December 1 (x 1,000)",v62228,7.2,85.0
1955,Manitoba,"At December 1 (x 1,000)",v62228,7.2,78.0
1956,Manitoba,"At December 1 (x 1,000)",v62228,7.2,73.0
1957,Manitoba,"At December 1 (x 1,000)",v62228,7.2,69.0
1958,Manitoba,"At December 1 (x 1,000)",v62228,7.2,62.0
1959,Manitoba,"At December 1 (x 1,000)",v62228,7.2,59.0
1960,Manitoba,"At December 1 (x 1,000)",v62228,7.2,55.0
1961,Manitoba,"At December 1 (x 1,000)",v62228,7.2,49.0
1962,Manitoba,"At December 1 (x 1,000)",v62228,7.2,46.0
1963,Manitoba,"At December 1 (x 1,000)",v62228,7.2,44.0
1964,Manitoba,"At December 1 (x 1,000)",v62228,7.2,42.0
1965,Manitoba,"At December 1 (x 1,000)",v62228,7.2,40.0
1966,Manitoba,"At December 1 (x 1,000)",v62228,7.2,36.0
1967,Manitoba,"At December 1 (x 1,000)",v62228,7.2,36.0
1968,Manitoba,"At December 1 (x 1,000)",v62228,7.2,36.0
1969,Manitoba,"At December 1 (x 1,000)",v62228,7.2,38.0
1970,Manitoba,"At December 1 (x 1,000)",v62228,7.2,34.0
1971,Manitoba,"At December 1 (x 1,000)",v62228,7.2,33.1
1972,Manitoba,"At December 1 (x 1,000)",v62228,7.2,32.0
1906,Saskatchewan,"At June 1 (x 1,000)",v62219,8.1,240.6
1907,Saskatchewan,"At June 1 (x 1,000)",v62219,8.1,300.6
1908,Saskatchewan,"At June 1 (x 1,000)",v62219,8.1,360.7
1909,Saskatchewan,"At June 1 (x 1,000)",v62219,8.1,387.4
1910,Saskatchewan,"At June 1 (x 1,000)",v62219,8.1,462.2
1911,Saskatchewan,"At June 1 (x 1,000)",v62219,8.1,507.5
1912,Saskatchewan,"At June 1 (x 1,000)",v62219,8.1,575.7
1913,Saskatchewan,"At June 1 (x 1,000)",v62219,8.1,644.6
1914,Saskatchewan,"At June 1 (x 1,000)",v62219,8.1,728.8
1915,Saskatchewan,"At June 1 (x 1,000)",v62219,8.1,811.9
1916,Saskatchewan,"At June 1 (x 1,000)",v62219,8.1,834.2
1917,Saskatchewan,"At June 1 (x 1,000)",v62219,8.1,856.5
1918,Saskatchewan,"At June 1 (x 1,000)",v62219,8.1,948.4
1919,Saskatchewan,"At June 1 (x 1,000)",v62219,8.1,1018.7
1920,Saskatchewan,"At June 1 (x 1,000)",v62219,8.1,1048.3
1921,Saskatchewan,"At June 1 (x 1,000)",v62219,8.1,1077.9
1922,Saskatchewan,"At June 1 (x 1,000)",v62219,8.1,1055.0
1923,Saskatchewan,"At June 1 (x 1,000)",v62219,8.1,1049.3
1924,Saskatchewan,"At June 1 (x 1,000)",v62219,8.1,1080.6
1925,Saskatchewan,"At June 1 (x 1,000)",v62219,8.1,1080.3
1926,Saskatchewan,"At June 1 (x 1,000)",v62219,8.1,1104.3
1927,Saskatchewan,"At June 1 (x 1,000)",v62219,8.1,1080.8
1928,Saskatchewan,"At June 1 (x 1,000)",v62219,8.1,1065.8
1929,Saskatchewan,"At June 1 (x 1,000)",v62219,8.1,1057.8
1930,Saskatchewan,"At June 1 (x 1,000)",v62219,8.1,1023.9
1931,Saskatchewan,"At June 1 (x 1,000)",v62219,8.1,997.4
1932,Saskatchewan,"At June 1 (x 1,000)",v62219,8.1,962.0
1933,Saskatchewan,"At June 1 (x 1,000)",v62219,8.1,944.4
1934,Saskatchewan,"At June 1 (x 1,000)",v62219,8.1,928.6
1935,Saskatchewan,"At June 1 (x 1,000)",v62219,8.1,929.1
1936,Saskatchewan,"At June 1 (x 1,000)",v62219,8.1,898.3
1937,Saskatchewan,"At June 1 (x 1,000)",v62219,8.1,862.7
1938,Saskatchewan,"At June 1 (x 1,000)",v62219,8.1,790.8
1939,Saskatchewan,"At June 1 (x 1,000)",v62219,8.1,779.4
1940,Saskatchewan,"At June 1 (x 1,000)",v62219,8.1,786.6
1941,Saskatchewan,"At June 1 (x 1,000)",v62219,8.1,800.7
1942,Saskatchewan,"At June 1 (x 1,000)",v62219,8.1,801.0
1943,Saskatchewan,"At June 1 (x 1,000)",v62219,8.1,765.0
1944,Saskatchewan,"At June 1 (x 1,000)",v62219,8.1,729.0
1945,Saskatchewan,"At June 1 (x 1,000)",v62219,8.1,665.0
1946,Saskatchewan,"At June 1 (x 1,000)",v62219,8.1,570.4
1947,Saskatchewan,"At June 1 (x 1,000)",v62219,8.1,493.0
1948,Saskatchewan,"At June 1 (x 1,000)",v62219,8.1,440.0
1949,Saskatchewan,"At June 1 (x 1,000)",v62219,8.1,398.0
1950,Saskatchewan,"At June 1 (x 1,000)",v62219,8.1,355.0
1951,Saskatchewan,"At June 1 (x 1,000)",v62219,8.1,303.9
1952,Saskatchewan,"At June 1 (x 1,000)",v62219,8.1,280.0
1953,Saskatchewan,"At June 1 (x 1,000)",v62219,8.1,254.0
1954,Saskatchewan,"At June 1 (x 1,000)",v62219,8.1,197.0
1955,Saskatchewan,"At June 1 (x 1,000)",v62219,8.1,180.0
1956,Saskatchewan,"At June 1 (x 1,000)",v62219,8.1,170.7
1957,Saskatchewan,"At June 1 (x 1,000)",v62219,8.1,160.0
1958,Saskatchewan,"At June 1 (x 1,000)",v62219,8.1,148.0
1959,Saskatchewan,"At June 1 (x 1,000)",v62219,8.1,132.0
1960,Saskatchewan,"At June 1 (x 1,000)",v62219,8.1,120.0
1961,Saskatchewan,"At June 1 (x 1,000)",v62219,8.1,110.3
1962,Saskatchewan,"At June 1 (x 1,000)",v62219,8.1,98.0
1963,Saskatchewan,"At June 1 (x 1,000)",v62219,8.1,89.0
1964,Saskatchewan,"At June 1 (x 1,000)",v62219,8.1,83.0
1965,Saskatchewan,"At June 1 (x 1,000)",v62219,8.1,78.0
1966,Saskatchewan,"At June 1 (x 1,000)",v62219,8.1,74.7
1967,Saskatchewan,"At June 1 (x 1,000)",v62219,8.1,67.0
1968,Saskatchewan,"At June 1 (x 1,000)",v62219,8.1,61.0
1969,Saskatchewan,"At June 1 (x 1,000)",v62219,8.1,58.0
1970,Saskatchewan,"At June 1 (x 1,000)",v62219,8.1,67.0
1971,Saskatchewan,"At June 1 (x 1,000)",v62219,8.1,65.1
1972,Saskatchewan,"At June 1 (x 1,000)",v62219,8.1,67.0
1973,Saskatchewan,"At June 1 (x 1,000)",v62219,8.1,64.0
1941,Saskatchewan,"At December 1 (x 1,000)",v62229,8.2,786.0
1942,Saskatchewan,"At December 1 (x 1,000)",v62229,8.2,782.0
1943,Saskatchewan,"At December 1 (x 1,000)",v62229,8.2,760.0
1944,Saskatchewan,"At December 1 (x 1,000)",v62229,8.2,717.0
1945,Saskatchewan,"At December 1 (x 1,000)",v62229,8.2,655.0
1946,Saskatchewan,"At December 1 (x 1,000)",v62229,8.2,555.0
1947,Saskatchewan,"At December 1 (x 1,000)",v62229,8.2,469.0
1948,Saskatchewan,"At December 1 (x 1,000)",v62229,8.2,413.0
1949,Saskatchewan,"At December 1 (x 1,000)",v62229,8.2,380.0
1950,Saskatchewan,"At December 1 (x 1,000)",v62229,8.2,326.0
1951,Saskatchewan,"At December 1 (x 1,000)",v62229,8.2,295.0
1952,Saskatchewan,"At December 1 (x 1,000)",v62229,8.2,279.0
1953,Saskatchewan,"At December 1 (x 1,000)",v62229,8.2,224.0
1954,Saskatchewan,"At December 1 (x 1,000)",v62229,8.2,193.0
1955,Saskatchewan,"At December 1 (x 1,000)",v62229,8.2,173.0
1956,Saskatchewan,"At December 1 (x 1,000)",v62229,8.2,164.0
1957,Saskatchewan,"At December 1 (x 1,000)",v62229,8.2,153.0
1958,Saskatchewan,"At December 1 (x 1,000)",v62229,8.2,139.0
1959,Saskatchewan,"At December 1 (x 1,000)",v62229,8.2,126.0
1960,Saskatchewan,"At December 1 (x 1,000)",v62229,8.2,114.0
1961,Saskatchewan,"At December 1 (x 1,000)",v62229,8.2,104.0
1962,Saskatchewan,"At December 1 (x 1,000)",v62229,8.2,92.0
1963,Saskatchewan,"At December 1 (x 1,000)",v62229,8.2,85.0
1964,Saskatchewan,"At December 1 (x 1,000)",v62229,8.2,82.0
1965,Saskatchewan,"At December 1 (x 1,000)",v62229,8.2,78.0
1966,Saskatchewan,"At December 1 (x 1,000)",v62229,8.2,69.0
1967,Saskatchewan,"At December 1 (x 1,000)",v62229,8.2,61.0
1968,Saskatchewan,"At December 1 (x 1,000)",v62229,8.2,57.0
1969,Saskatchewan,"At December 1 (x 1,000)",v62229,8.2,66.0
1970,Saskatchewan,"At December 1 (x 1,000)",v62229,8.2,68.0
1971,Saskatchewan,"At December 1 (x 1,000)",v62229,8.2,66.0
1972,Saskatchewan,"At December 1 (x 1,000)",v62229,8.2,64.0
1906,Alberta,"At June 1 (x 1,000)",v62220,9.1,226.5
1907,Alberta,"At June 1 (x 1,000)",v62220,9.1,255.0
1908,Alberta,"At June 1 (x 1,000)",v62220,9.1,280.9
1909,Alberta,"At June 1 (x 1,000)",v62220,9.1,314.5
1910,Alberta,"At June 1 (x 1,000)",v62220,9.1,365.1
1911,Alberta,"At June 1 (x 1,000)",v62220,9.1,407.2
1912,Alberta,"At June 1 (x 1,000)",v62220,9.1,429.5
1913,Alberta,"At June 1 (x 1,000)",v62220,9.1,483.2
1914,Alberta,"At June 1 (x 1,000)",v62220,9.1,539.0
1915,Alberta,"At June 1 (x 1,000)",v62220,9.1,585.6
1916,Alberta,"At June 1 (x 1,000)",v62220,9.1,629.5
1917,Alberta,"At June 1 (x 1,000)",v62220,9.1,660.2
1918,Alberta,"At June 1 (x 1,000)",v62220,9.1,720.5
1919,Alberta,"At June 1 (x 1,000)",v62220,9.1,763.5
1920,Alberta,"At June 1 (x 1,000)",v62220,9.1,770.6
1921,Alberta,"At June 1 (x 1,000)",v62220,9.1,806.2
1922,Alberta,"At June 1 (x 1,000)",v62220,9.1,785.4
1923,Alberta,"At June 1 (x 1,000)",v62220,9.1,772.7
1924,Alberta,"At June 1 (x 1,000)",v62220,9.1,787.5
1925,Alberta,"At June 1 (x 1,000)",v62220,9.1,783.9
1926,Alberta,"At June 1 (x 1,000)",v62220,9.1,784.3
1927,Alberta,"At June 1 (x 1,000)",v62220,9.1,773.0
1928,Alberta,"At June 1 (x 1,000)",v62220,9.1,761.0
1929,Alberta,"At June 1 (x 1,000)",v62220,9.1,764.8
1930,Alberta,"At June 1 (x 1,000)",v62220,9.1,740.0
1931,Alberta,"At June 1 (x 1,000)",v62220,9.1,731.7
1932,Alberta,"At June 1 (x 1,000)",v62220,9.1,725.8
1933,Alberta,"At June 1 (x 1,000)",v62220,9.1,706.3
1934,Alberta,"At June 1 (x 1,000)",v62220,9.1,698.9
1935,Alberta,"At June 1 (x 1,000)",v62220,9.1,692.1
1936,Alberta,"At June 1 (x 1,000)",v62220,9.1,677.0
1937,Alberta,"At June 1 (x 1,000)",v62220,9.1,660.0
1938,Alberta,"At June 1 (x 1,000)",v62220,9.1,645.1
1939,Alberta,"At June 1 (x 1,000)",v62220,9.1,652.1
1940,Alberta,"At June 1 (x 1,000)",v62220,9.1,649.1
1941,Alberta,"At June 1 (x 1,000)",v62220,9.1,649.2
1942,Alberta,"At June 1 (x 1,000)",v62220,9.1,640.0
1943,Alberta,"At June 1 (x 1,000)",v62220,9.1,614.0
1944,Alberta,"At June 1 (x 1,000)",v62220,9.1,583.0
1945,Alberta,"At June 1 (x 1,000)",v62220,9.1,537.0
1946,Alberta,"At June 1 (x 1,000)",v62220,9.1,469.0
1947,Alberta,"At June 1 (x 1,000)",v62220,9.1,406.0
1948,Alberta,"At June 1 (x 1,000)",v62220,9.1,367.0
1949,Alberta,"At June 1 (x 1,000)",v62220,9.1,334.0
1950,Alberta,"At June 1 (x 1,000)",v62220,9.1,298.0
1951,Alberta,"At June 1 (x 1,000)",v62220,9.1,261.1
1952,Alberta,"At June 1 (x 1,000)",v62220,9.1,240.0
1953,Alberta,"At June 1 (x 1,000)",v62220,9.1,193.0
1954,Alberta,"At June 1 (x 1,000)",v62220,9.1,181.0
1955,Alberta,"At June 1 (x 1,000)",v62220,9.1,164.0
1956,Alberta,"At June 1 (x 1,000)",v62220,9.1,154.6
1957,Alberta,"At June 1 (x 1,000)",v62220,9.1,141.0
1958,Alberta,"At June 1 (x 1,000)",v62220,9.1,133.0
1959,Alberta,"At June 1 (x 1,000)",v62220,9.1,125.0
1960,Alberta,"At June 1 (x 1,000)",v62220,9.1,121.0
1961,Alberta,"At June 1 (x 1,000)",v62220,9.1,113.2
1962,Alberta,"At June 1 (x 1,000)",v62220,9.1,109.0
1963,Alberta,"At June 1 (x 1,000)",v62220,9.1,105.0
1964,Alberta,"At June 1 (x 1,000)",v62220,9.1,100.0
1965,Alberta,"At June 1 (x 1,000)",v62220,9.1,95.0
1966,Alberta,"At June 1 (x 1,000)",v62220,9.1,93.7
1967,Alberta,"At June 1 (x 1,000)",v62220,9.1,90.0
1968,Alberta,"At June 1 (x 1,000)",v62220,9.1,88.0
1969,Alberta,"At June 1 (x 1,000)",v62220,9.1,90.0
1970,Alberta,"At June 1 (x 1,000)",v62220,9.1,90.0
1971,Alberta,"At June 1 (x 1,000)",v62220,9.1,88.8
1972,Alberta,"At June 1 (x 1,000)",v62220,9.1,89.0
1973,Alberta,"At June 1 (x 1,000)",v62220,9.1,87.0
1941,Alberta,"At December 1 (x 1,000)",v62230,9.2,635.0
1942,Alberta,"At December 1 (x 1,000)",v62230,9.2,629.0
1943,Alberta,"At December 1 (x 1,000)",v62230,9.2,594.0
1944,Alberta,"At December 1 (x 1,000)",v62230,9.2,566.0
1945,Alberta,"At December 1 (x 1,000)",v62230,9.2,516.0
1946,Alberta,"At December 1 (x 1,000)",v62230,9.2,438.0
1947,Alberta,"At December 1 (x 1,000)",v62230,9.2,386.0
1948,Alberta,"At December 1 (x 1,000)",v62230,9.2,348.0
1949,Alberta,"At December 1 (x 1,000)",v62230,9.2,317.0
1950,Alberta,"At December 1 (x 1,000)",v62230,9.2,279.0
1951,Alberta,"At December 1 (x 1,000)",v62230,9.2,243.0
1952,Alberta,"At December 1 (x 1,000)",v62230,9.2,233.0
1953,Alberta,"At December 1 (x 1,000)",v62230,9.2,183.0
1954,Alberta,"At December 1 (x 1,000)",v62230,9.2,173.0
1955,Alberta,"At December 1 (x 1,000)",v62230,9.2,159.0
1956,Alberta,"At December 1 (x 1,000)",v62230,9.2,147.0
1957,Alberta,"At December 1 (x 1,000)",v62230,9.2,135.0
1958,Alberta,"At December 1 (x 1,000)",v62230,9.2,128.0
1959,Alberta,"At December 1 (x 1,000)",v62230,9.2,122.0
1960,Alberta,"At December 1 (x 1,000)",v62230,9.2,116.0
1961,Alberta,"At December 1 (x 1,000)",v62230,9.2,111.0
1962,Alberta,"At December 1 (x 1,000)",v62230,9.2,105.0
1963,Alberta,"At December 1 (x 1,000)",v62230,9.2,103.0
1964,Alberta,"At December 1 (x 1,000)",v62230,9.2,98.0
1965,Alberta,"At December 1 (x 1,000)",v62230,9.2,95.0
1966,Alberta,"At December 1 (x 1,000)",v62230,9.2,87.0
1967,Alberta,"At December 1 (x 1,000)",v62230,9.2,85.0
1968,Alberta,"At December 1 (x 1,000)",v62230,9.2,87.0
1969,Alberta,"At December 1 (x 1,000)",v62230,9.2,92.0
1970,Alberta,"At December 1 (x 1,000)",v62230,9.2,90.0
1971,Alberta,"At December 1 (x 1,000)",v62230,9.2,89.9
1972,Alberta,"At December 1 (x 1,000)",v62230,9.2,85.0
1906,British Columbia,"At June 1 (x 1,000)",v62221,10.1,43.5
1907,British Columbia,"At June 1 (x 1,000)",v62221,10.1,45.0
1908,British Columbia,"At June 1 (x 1,000)",v62221,10.1,46.4
1909,British Columbia,"At June 1 (x 1,000)",v62221,10.1,48.8
1910,British Columbia,"At June 1 (x 1,000)",v62221,10.1,54.0
1911,British Columbia,"At June 1 (x 1,000)",v62221,10.1,57.4
1912,British Columbia,"At June 1 (x 1,000)",v62221,10.1,60.5
1913,British Columbia,"At June 1 (x 1,000)",v62221,10.1,62.0
1914,British Columbia,"At June 1 (x 1,000)",v62221,10.1,62.9
1915,British Columbia,"At June 1 (x 1,000)",v62221,10.1,64.4
1916,British Columbia,"At June 1 (x 1,000)",v62221,10.1,65.2
1917,British Columbia,"At June 1 (x 1,000)",v62221,10.1,65.1
1918,British Columbia,"At June 1 (x 1,000)",v62221,10.1,58.6
1919,British Columbia,"At June 1 (x 1,000)",v62221,10.1,58.8
1920,British Columbia,"At June 1 (x 1,000)",v62221,10.1,60.0
1921,British Columbia,"At June 1 (x 1,000)",v62221,10.1,61.4
1922,British Columbia,"At June 1 (x 1,000)",v62221,10.1,62.6
1923,British Columbia,"At June 1 (x 1,000)",v62221,10.1,63.6
1924,British Columbia,"At June 1 (x 1,000)",v62221,10.1,61.9
1925,British Columbia,"At June 1 (x 1,000)",v62221,10.1,62.1
1926,British Columbia,"At June 1 (x 1,000)",v62221,10.1,64.2
1927,British Columbia,"At June 1 (x 1,000)",v62221,10.1,62.9
1928,British Columbia,"At June 1 (x 1,000)",v62221,10.1,61.0
1929,British Columbia,"At June 1 (x 1,000)",v62221,10.1,62.4
1930,British Columbia,"At June 1 (x 1,000)",v62221,10.1,59.3
1931,British Columbia,"At June 1 (x 1,000)",v62221,10.1,57.2
1932,British Columbia,"At June 1 (x 1,000)",v62221,10.1,56.7
1933,British Columbia,"At June 1 (x 1,000)",v62221,10.1,56.6
1934,British Columbia,"At June 1 (x 1,000)",v62221,10.1,55.2
1935,British Columbia,"At June 1 (x 1,000)",v62221,10.1,55.5
1936,British Columbia,"At June 1 (x 1,000)",v62221,10.1,55.9
1937,British Columbia,"At June 1 (x 1,000)",v62221,10.1,56.1
1938,British Columbia,"At June 1 (x 1,000)",v62221,10.1,59.7
1939,British Columbia,"At June 1 (x 1,000)",v62221,10.1,59.9
1940,British Columbia,"At June 1 (x 1,000)",v62221,10.1,61.5
1941,British Columbia,"At June 1 (x 1,000)",v62221,10.1,63.0
1942,British Columbia,"At June 1 (x 1,000)",v62221,10.1,61.4
1943,British Columbia,"At June 1 (x 1,000)",v62221,10.1,60.9
1944,British Columbia,"At June 1 (x 1,000)",v62221,10.1,59.7
1945,British Columbia,"At June 1 (x 1,000)",v62221,10.1,57.6
1946,British Columbia,"At June 1 (x 1,000)",v62221,10.1,53.7
1947,British Columbia,"At June 1 (x 1,000)",v62221,10.1,49.5
1948,British Columbia,"At June 1 (x 1,000)",v62221,10.1,46.3
1949,British Columbia,"At June 1 (x 1,000)",v62221,10.1,44.0
1950,British Columbia,"At June 1 (x 1,000)",v62221,10.1,40.4
1951,British Columbia,"At June 1 (x 1,000)",v62221,10.1,36.1
1952,British Columbia,"At June 1 (x 1,000)",v62221,10.1,34.0
1953,British Columbia,"At June 1 (x 1,000)",v62221,10.1,30.0
1954,British Columbia,"At June 1 (x 1,000)",v62221,10.1,30.0
1955,British Columbia,"At June 1 (x 1,000)",v62221,10.1,28.0
1956,British Columbia,"At June 1 (x 1,000)",v62221,10.1,26.8
1957,British Columbia,"At June 1 (x 1,000)",v62221,10.1,25.4
1958,British Columbia,"At June 1 (x 1,000)",v62221,10.1,24.0
1959,British Columbia,"At June 1 (x 1,000)",v62221,10.1,23.0
1960,British Columbia,"At June 1 (x 1,000)",v62221,10.1,22.5
1961,British Columbia,"At June 1 (x 1,000)",v62221,10.1,23.9
1962,British Columbia,"At June 1 (x 1,000)",v62221,10.1,24.0
1963,British Columbia,"At June 1 (x 1,000)",v62221,10.1,24.0
1964,British Columbia,"At June 1 (x 1,000)",v62221,10.1,28.0
1965,British Columbia,"At June 1 (x 1,000)",v62221,10.1,25.0
1966,British Columbia,"At June 1 (x 1,000)",v62221,10.1,26.5
1967,British Columbia,"At June 1 (x 1,000)",v62221,10.1,28.0
1968,British Columbia,"At June 1 (x 1,000)",v62221,10.1,32.0
1969,British Columbia,"At June 1 (x 1,000)",v62221,10.1,31.0
1970,British Columbia,"At June 1 (x 1,000)",v62221,10.1,32.0
1971,British Columbia,"At June 1 (x 1,000)",v62221,10.1,32.5
1972,British Columbia,"At June 1 (x 1,000)",v62221,10.1,34.0
1973,British Columbia,"At June 1 (x 1,000)",v62221,10.1,34.0
1941,British Columbia,"At December 1 (x 1,000)",v62231,10.2,61.5
1942,British Columbia,"At December 1 (x 1,000)",v62231,10.2,60.7
1943,British Columbia,"At December 1 (x 1,000)",v62231,10.2,60.1
1944,British Columbia,"At December 1 (x 1,000)",v62231,10.2,58.2
1945,British Columbia,"At December 1 (x 1,000)",v62231,10.2,54.2
1946,British Columbia,"At December 1 (x 1,000)",v62231,10.2,51.1
1947,British Columbia,"At December 1 (x 1,000)",v62231,10.2,47.9
1948,British Columbia,"At December 1 (x 1,000)",v62231,10.2,43.9
1949,British Columbia,"At December 1 (x 1,000)",v62231,10.2,41.7
1950,British Columbia,"At December 1 (x 1,000)",v62231,10.2,39.2
1951,British Columbia,"At December 1 (x 1,000)",v62231,10.2,35.0
1952,British Columbia,"At December 1 (x 1,000)",v62231,10.2,31.0
1953,British Columbia,"At December 1 (x 1,000)",v62231,10.2,30.0
1954,British Columbia,"At December 1 (x 1,000)",v62231,10.2,30.0
1955,British Columbia,"At December 1 (x 1,000)",v62231,10.2,28.0
1956,British Columbia,"At December 1 (x 1,000)",v62231,10.2,26.5
1957,British Columbia,"At December 1 (x 1,000)",v62231,10.2,25.0
1958,British Columbia,"At December 1 (x 1,000)",v62231,10.2,24.0
1959,British Columbia,"At December 1 (x 1,000)",v62231,10.2,23.0
1960,British Columbia,"At December 1 (x 1,000)",v62231,10.2,23.0
1961,British Columbia,"At December 1 (x 1,000)",v62231,10.2,24.0
1962,British Columbia,"At December 1 (x 1,000)",v62231,10.2,24.0
1963,British Columbia,"At December 1 (x 1,000)",v62231,10.2,26.0
1964,British Columbia,"At December 1 (x 1,000)",v62231,10.2,26.0
1965,British Columbia,"At December 1 (x 1,000)",v62231,10.2,25.0
1966,British Columbia,"At December 1 (x 1,000)",v62231,10.2,27.0
1967,British Columbia,"At December 1 (x 1,000)",v62231,10.2,28.0
1968,British Columbia,"At December 1 (x 1,000)",v62231,10.2,30.0
1969,British Columbia,"At December 1 (x 1,000)",v62231,10.2,31.0
1970,British Columbia,"At December 1 (x 1,000)",v62231,10.2,34.0
1971,British Columbia,"At December 1 (x 1,000)",v62231,10.2,35.0
1972,British Columbia,"At December 1 (x 1,000)",v62231,10.2,33.0
